,Categorie,predict,pourc,predict2,pourc2,predict3,pourc3
0,10,10,0.44301765650080255,2705,0.20706260032102727,2403,0.13001605136436598
1,40,40,0.5597609561752988,2462,0.12350597609561753,2905,0.05179282868525897
2,50,50,0.48214285714285715,1300,0.11011904761904762,60,0.050595238095238096
3,60,60,0.7951807228915663,2462,0.06626506024096386,50,0.04819277108433735
4,1140,1140,0.6254681647940075,1280,0.10112359550561797,1281,0.03745318352059925
5,1160,1160,0.9557522123893806,2462,0.006321112515802781,2522,0.0050568900126422255
6,1180,1180,0.5098039215686274,1281,0.09803921568627451,1140,0.0718954248366013
7,1280,1280,0.4004106776180698,1300,0.1735112936344969,1140,0.08008213552361396
8,1281,1281,0.357487922705314,1280,0.17391304347826086,2403,0.07004830917874397
9,1300,1300,0.7998017839444995,1280,0.08523290386521308,1302,0.01684836471754212
10,1301,1301,0.7018633540372671,1302,0.043478260869565216,2522,0.037267080745341616
11,1302,1302,0.5281124497991968,1280,0.10040160642570281,1320,0.05823293172690763
12,1320,1320,0.5154320987654321,1280,0.05709876543209876,2060,0.05401234567901234
13,1560,1560,0.5793103448275863,2582,0.09950738916256158,2060,0.07192118226600985
14,1920,1920,0.8153310104529616,1560,0.04645760743321719,2060,0.03716608594657375
15,1940,1940,0.7888198757763976,2522,0.043478260869565216,1280,0.037267080745341616
16,2060,2060,0.4954954954954955,1560,0.1041041041041041,1920,0.06906906906906907
17,2220,2220,0.4909090909090909,1320,0.07878787878787878,1280,0.07272727272727272
18,2280,2280,0.8214285714285714,2403,0.09033613445378151,10,0.025210084033613446
19,2403,2403,0.7057591623036649,2280,0.1130890052356021,10,0.0356020942408377
20,2462,2462,0.7429577464788732,40,0.09507042253521127,2403,0.04225352112676056
21,2522,2522,0.7124248496993988,2583,0.027054108216432865,2060,0.026052104208416832
22,2582,2582,0.45366795366795365,1560,0.1525096525096525,1302,0.07528957528957529
23,2583,2583,0.856513222331048,2585,0.02595494613124388,1302,0.016160626836434867
24,2585,2585,0.5450901803607214,1300,0.07414829659318638,2583,0.06412825651302605
25,2705,2705,0.6865942028985508,10,0.1956521739130435,2403,0.06159420289855073
26,2905,2905,0.7528735632183908,2705,0.11494252873563218,40,0.040229885057471264
