,Categorie,predict,pourc,predict2,pourc2,predict3,pourc3
0,10,10,0.48635634028892455,2403,0.11075441412520064,2705,0.09309791332263243
1,40,40,0.6992031872509961,1160,0.049800796812749,10,0.04780876494023904
2,50,50,0.8184523809523809,2462,0.05357142857142857,40,0.047619047619047616
3,60,60,0.7891566265060241,2462,0.12650602409638553,50,0.05421686746987952
4,1140,1140,0.6947565543071161,1280,0.13295880149812733,10,0.02247191011235955
5,1160,1160,0.8975979772439949,40,0.03286978508217446,10,0.020227560050568902
6,1180,1180,0.5359477124183006,1280,0.08496732026143791,1281,0.0784313725490196
7,1280,1280,0.75564681724846,1281,0.04004106776180698,1140,0.039014373716632446
8,1281,1281,0.5072463768115942,1280,0.20048309178743962,40,0.07004830917874397
9,1300,1300,0.9375619425173439,1280,0.02180376610505451,1140,0.005946481665014866
10,1301,1301,0.9006211180124224,1180,0.018633540372670808,50,0.012422360248447204
11,1302,1302,0.7951807228915663,1280,0.06224899598393574,1281,0.030120481927710843
12,1320,1320,0.779320987654321,2060,0.046296296296296294,1280,0.041666666666666664
13,1560,1560,0.8285714285714286,2060,0.05517241379310345,2582,0.04039408866995074
14,1920,1920,0.9163763066202091,2060,0.030197444831591175,1560,0.025551684088269456
15,1940,1940,0.7267080745341615,10,0.08074534161490683,2582,0.049689440993788817
16,2060,2060,0.8458458458458459,1560,0.04704704704704705,1280,0.015015015015015015
17,2220,2220,0.6848484848484848,2582,0.06060606060606061,1280,0.04242424242424243
18,2280,2280,0.8476890756302521,2403,0.05672268907563025,10,0.04411764705882353
19,2403,2403,0.7382198952879581,10,0.09738219895287958,2280,0.0743455497382199
20,2462,2462,0.7570422535211268,40,0.07042253521126761,50,0.06690140845070422
21,2522,2522,0.9118236472945892,1560,0.01603206412825651,2060,0.014028056112224449
22,2582,2582,0.7277992277992278,2585,0.07528957528957529,2060,0.07142857142857142
23,2583,2583,0.9794319294809011,2060,0.004897159647404506,2585,0.002938295788442703
24,2585,2585,0.7935871743486974,2060,0.04809619238476954,1560,0.04408817635270541
25,2705,2705,0.644927536231884,10,0.20652173913043478,2403,0.04891304347826087
26,2905,2905,0.9712643678160919,1301,0.011494252873563218,2220,0.005747126436781609
