,Categorie,predict,pourc,predict2,pourc2,predict3,pourc3
0,10,10,0.42375601926163725,2403,0.1637239165329053,2280,0.14285714285714285
1,40,40,0.703187250996016,10,0.0398406374501992,2462,0.0398406374501992
2,50,50,0.8333333333333334,2462,0.05654761904761905,40,0.03273809523809524
3,60,60,0.8192771084337349,2462,0.060240963855421686,50,0.04216867469879518
4,1140,1140,0.7546816479400749,1280,0.05805243445692884,2403,0.024344569288389514
5,1160,1160,0.8836915297092288,2403,0.02402022756005057,10,0.021491782553729456
6,1180,1180,0.4444444444444444,1140,0.1503267973856209,40,0.0784313725490196
7,1280,1280,0.7371663244353183,1140,0.052361396303901436,1281,0.0513347022587269
8,1281,1281,0.5072463768115942,1280,0.17391304347826086,40,0.06038647342995169
9,1300,1300,0.9474727452923687,1280,0.015857284440039643,1160,0.004955401387512388
10,1301,1301,0.8571428571428571,1280,0.037267080745341616,1320,0.037267080745341616
11,1302,1302,0.7670682730923695,1280,0.05823293172690763,2060,0.030120481927710843
12,1320,1320,0.7885802469135802,2060,0.044753086419753084,1280,0.035493827160493825
13,1560,1560,0.8167487684729065,2060,0.06600985221674877,2582,0.02857142857142857
14,1920,1920,0.9221835075493612,2060,0.024390243902439025,1560,0.022067363530778164
15,1940,1940,0.782608695652174,2060,0.043478260869565216,2582,0.031055900621118012
16,2060,2060,0.8428428428428428,1560,0.03803803803803804,1920,0.03003003003003003
17,2220,2220,0.5818181818181818,2060,0.10303030303030303,1320,0.06060606060606061
18,2280,2280,0.8529411764705882,2403,0.08403361344537816,10,0.029411764705882353
19,2403,2403,0.7790575916230367,2280,0.07329842931937172,10,0.06387434554973823
20,2462,2462,0.7007042253521126,40,0.09859154929577464,50,0.05985915492957746
21,2522,2522,0.9288577154308617,2403,0.018036072144288578,2060,0.01503006012024048
22,2582,2582,0.6988416988416989,2060,0.11003861003861004,2585,0.06756756756756757
23,2583,2583,0.9662095984329089,2060,0.007835455435847209,2582,0.004897159647404506
24,2585,2585,0.7775551102204409,2060,0.08617234468937876,2582,0.04208416833667335
25,2705,2705,0.6902173913043478,10,0.12681159420289856,2403,0.08876811594202899
26,2905,2905,0.9195402298850575,2705,0.022988505747126436,40,0.022988505747126436
