,Categorie,predict,pourc,predict2,pourc2,predict3,pourc3
0,10,10,0.492776886035313,2403,0.12038523274478331,2705,0.09630818619582665
1,40,40,0.6673306772908366,2462,0.07569721115537849,10,0.049800796812749
2,50,50,0.7767857142857143,2462,0.07142857142857142,40,0.03273809523809524
3,60,60,0.7951807228915663,2462,0.12650602409638553,50,0.03614457831325301
4,1140,1140,0.7153558052434457,1280,0.08801498127340825,1180,0.04307116104868914
5,1160,1160,0.8963337547408344,40,0.021491782553729456,10,0.017699115044247787
6,1180,1180,0.5947712418300654,1280,0.10457516339869281,40,0.0457516339869281
7,1280,1280,0.7761806981519507,1140,0.0513347022587269,1281,0.039014373716632446
8,1281,1281,0.46859903381642515,1280,0.22946859903381642,40,0.043478260869565216
9,1300,1300,0.9355797819623389,1280,0.02180376610505451,10,0.005946481665014866
10,1301,1301,0.8695652173913043,1281,0.024844720496894408,1320,0.024844720496894408
11,1302,1302,0.7811244979919679,1280,0.0783132530120482,1281,0.018072289156626505
12,1320,1320,0.8055555555555556,1280,0.043209876543209874,2060,0.027777777777777776
13,1560,1560,0.8403940886699507,2060,0.03940886699507389,2582,0.035467980295566505
14,1920,1920,0.9105691056910569,1560,0.0313588850174216,1320,0.024390243902439025
15,1940,1940,0.84472049689441,1320,0.031055900621118012,40,0.018633540372670808
16,2060,2060,0.7957957957957958,1560,0.05805805805805806,1320,0.026026026026026026
17,2220,2220,0.7636363636363637,1280,0.048484848484848485,1320,0.04242424242424243
18,2280,2280,0.7573529411764706,2403,0.11239495798319328,10,0.0661764705882353
19,2403,2403,0.7539267015706806,10,0.09947643979057591,2280,0.06387434554973823
20,2462,2462,0.7640845070422535,40,0.08450704225352113,50,0.035211267605633804
21,2522,2522,0.9308617234468938,1560,0.018036072144288578,2403,0.009018036072144289
22,2582,2582,0.7123552123552124,1560,0.0694980694980695,2060,0.06563706563706563
23,2583,2583,0.9715964740450539,1302,0.004407443682664055,2060,0.0039177277179236044
24,2585,2585,0.8136272545090181,1560,0.03206412825651302,2582,0.026052104208416832
25,2705,2705,0.6739130434782609,10,0.14492753623188406,2403,0.057971014492753624
26,2905,2905,0.9942528735632183,1180,0.005747126436781609,40,0.0
