,Categorie,predict,pourc,predict2,pourc2,predict3,pourc3
0,10,10,0.5682182985553772,2705,0.18298555377207062,2403,0.09149277688603531
1,40,40,0.6454183266932271,10,0.08565737051792828,1280,0.04183266932270916
2,50,50,0.7708333333333334,2462,0.07142857142857142,40,0.041666666666666664
3,60,60,0.8313253012048193,2462,0.06626506024096386,50,0.04819277108433735
4,1140,1140,0.7359550561797753,1280,0.06928838951310862,10,0.026217228464419477
5,1160,1160,0.8761061946902655,10,0.03792667509481669,2705,0.022756005056890013
6,1180,1180,0.5686274509803921,1140,0.0915032679738562,10,0.0784313725490196
7,1280,1280,0.7176591375770021,1281,0.058521560574948665,1140,0.054414784394250515
8,1281,1281,0.5362318840579711,1280,0.16183574879227053,2705,0.05314009661835749
9,1300,1300,0.9444995044598612,1280,0.02180376610505451,1140,0.008919722497522299
10,1301,1301,0.9130434782608695,1280,0.037267080745341616,1281,0.018633540372670808
11,1302,1302,0.8293172690763052,1280,0.05823293172690763,2583,0.018072289156626505
12,1320,1320,0.8333333333333334,1280,0.035493827160493825,2060,0.032407407407407406
13,1560,1560,0.8275862068965517,2582,0.04827586206896552,2060,0.041379310344827586
14,1920,1920,0.8745644599303136,1560,0.04645760743321719,2060,0.030197444831591175
15,1940,1940,0.782608695652174,2403,0.049689440993788817,10,0.031055900621118012
16,2060,2060,0.8148148148148148,1560,0.057057057057057055,1320,0.021021021021021023
17,2220,2220,0.6848484848484848,1320,0.08484848484848485,1281,0.048484848484848485
18,2280,2280,0.773109243697479,10,0.08298319327731092,2403,0.07983193277310924
19,2403,2403,0.7392670157068063,10,0.10890052356020942,2280,0.05654450261780105
20,2462,2462,0.6901408450704225,40,0.10211267605633803,50,0.03873239436619718
21,2522,2522,0.905811623246493,1560,0.021042084168336674,2403,0.021042084168336674
22,2582,2582,0.7567567567567568,2060,0.06756756756756757,2585,0.05405405405405406
23,2583,2583,0.9789422135161606,1302,0.004897159647404506,2060,0.0039177277179236044
24,2585,2585,0.7675350701402806,2582,0.07014028056112225,2583,0.036072144288577156
25,2705,2705,0.7554347826086957,10,0.15760869565217392,2403,0.041666666666666664
26,2905,2905,1.0,40,0.0,10,0.0
