,Categorie,predict,pourc,predict2,pourc2,predict3,pourc3
0,10,10,0.3451043338683788,2705,0.24879614767255218,2280,0.08667736757624397
1,40,40,0.701195219123506,50,0.049800796812749,1280,0.049800796812749
2,50,50,0.8571428571428571,1280,0.02976190476190476,40,0.017857142857142856
3,60,60,0.891566265060241,50,0.04819277108433735,40,0.030120481927710843
4,1140,1140,0.7097378277153558,1280,0.10299625468164794,40,0.04681647940074907
5,1160,1160,0.8520859671302149,40,0.03792667509481669,2705,0.03286978508217446
6,1180,1180,0.477124183006536,1280,0.1111111111111111,1140,0.0915032679738562
7,1280,1280,0.7464065708418891,1281,0.09034907597535935,1140,0.04004106776180698
8,1281,1281,0.5942028985507246,1280,0.15942028985507245,2705,0.04830917874396135
9,1300,1300,0.933597621407334,1280,0.035678889990089196,40,0.004955401387512388
10,1301,1301,0.8695652173913043,1302,0.043478260869565216,1281,0.018633540372670808
11,1302,1302,0.7650602409638554,1280,0.09236947791164658,2583,0.0321285140562249
12,1320,1320,0.7407407407407407,2060,0.06481481481481481,1280,0.04938271604938271
13,1560,1560,0.8561576354679803,2060,0.04630541871921182,2582,0.03940886699507389
14,1920,1920,0.9059233449477352,2060,0.04645760743321719,1560,0.025551684088269456
15,1940,1940,0.6211180124223602,2582,0.09937888198757763,2705,0.062111801242236024
16,2060,2060,0.8368368368368369,1560,0.07207207207207207,2582,0.01901901901901902
17,2220,2220,0.6666666666666666,2060,0.07878787878787878,1280,0.05454545454545454
18,2280,2280,0.8634453781512605,2403,0.0430672268907563,2705,0.032563025210084036
19,2403,2403,0.6450261780104712,2280,0.1130890052356021,10,0.08167539267015707
20,2462,2462,0.5633802816901409,50,0.16901408450704225,40,0.09507042253521127
21,2522,2522,0.9098196392785571,1560,0.02404809619238477,2060,0.012024048096192385
22,2582,2582,0.7567567567567568,1560,0.08494208494208494,2060,0.07915057915057915
23,2583,2583,0.9799216454456415,2060,0.006366307541625857,2582,0.0034280117531831538
24,2585,2585,0.6653306613226453,2060,0.09418837675350701,2582,0.0841683366733467
25,2705,2705,0.7844202898550725,10,0.07789855072463768,40,0.019927536231884056
26,2905,2905,0.9942528735632183,2583,0.005747126436781609,10,0.0
