,Categorie,predict,pourc,predict2,pourc2,predict3,pourc3
0,10,10,0.44141252006420545,2705,0.26163723916532905,2280,0.09951845906902086
1,40,40,0.4362549800796813,2905,0.16533864541832669,2462,0.07171314741035857
2,50,50,0.46130952380952384,1300,0.11011904761904762,2462,0.05654761904761905
3,60,60,0.7891566265060241,50,0.04216867469879518,2462,0.03614457831325301
4,1140,1140,0.6554307116104869,1280,0.10486891385767791,1180,0.033707865168539325
5,1160,1160,0.9405815423514539,2462,0.011378002528445006,2403,0.008849557522123894
6,1180,1180,0.47058823529411764,1140,0.0915032679738562,1280,0.0784313725490196
7,1280,1280,0.43018480492813144,1300,0.16632443531827515,1140,0.07392197125256673
8,1281,1281,0.30676328502415456,1280,0.17149758454106281,2403,0.06521739130434782
9,1300,1300,0.7958374628344896,1280,0.08126858275520317,2585,0.017839444995044598
10,1301,1301,0.6521739130434783,2522,0.07453416149068323,1280,0.043478260869565216
11,1302,1302,0.4879518072289157,1280,0.13855421686746988,1300,0.05421686746987952
12,1320,1320,0.49382716049382713,1560,0.08179012345679013,1280,0.07098765432098765
13,1560,1560,0.6098522167487684,2582,0.08078817733990148,2060,0.07783251231527094
14,1920,1920,0.8025551684088269,1560,0.05574912891986063,2060,0.04878048780487805
15,1940,1940,0.7329192546583851,2522,0.049689440993788817,2060,0.031055900621118012
16,2060,2060,0.47647647647647645,1560,0.1011011011011011,2522,0.05905905905905906
17,2220,2220,0.5272727272727272,1320,0.08484848484848485,1280,0.06666666666666667
18,2280,2280,0.7436974789915967,2403,0.12394957983193278,10,0.04831932773109244
19,2403,2403,0.6952879581151833,2280,0.10052356020942409,2705,0.050261780104712044
20,2462,2462,0.6901408450704225,40,0.10915492957746478,2403,0.035211267605633804
21,2522,2522,0.7294589178356713,2585,0.025050100200400802,2583,0.02404809619238477
22,2582,2582,0.4613899613899614,1560,0.13513513513513514,2060,0.08687258687258688
23,2583,2583,0.8472086190009794,2585,0.031831537708129284,2522,0.01860920666013712
24,2585,2585,0.5290581162324649,2583,0.08016032064128256,1300,0.0781563126252505
25,2705,2705,0.5543478260869565,10,0.3278985507246377,2403,0.043478260869565216
26,2905,2905,0.8620689655172413,40,0.034482758620689655,2705,0.028735632183908046
