,Categorie,predict,pourc,predict2,pourc2,predict3,pourc3
0,10,10,0.48154093097913325,2705,0.20706260032102727,2280,0.11717495987158909
1,40,40,0.5597609561752988,2462,0.07569721115537849,2905,0.0697211155378486
2,50,50,0.4226190476190476,1300,0.11607142857142858,60,0.08333333333333333
3,60,60,0.8614457831325302,2462,0.03614457831325301,40,0.024096385542168676
4,1140,1140,0.6479400749063671,1280,0.054307116104868915,1180,0.03932584269662921
5,1160,1160,0.922882427307206,2462,0.01390644753476612,2403,0.01390644753476612
6,1180,1180,0.46405228758169936,1140,0.1111111111111111,1280,0.06535947712418301
7,1280,1280,0.3993839835728953,1300,0.17761806981519507,1140,0.08726899383983573
8,1281,1281,0.30434782608695654,1280,0.15458937198067632,2403,0.07729468599033816
9,1300,1300,0.8245787908820614,1280,0.02973240832507433,50,0.028741328047571853
10,1301,1301,0.577639751552795,2522,0.08074534161490683,1280,0.062111801242236024
11,1302,1302,0.38755020080321284,1280,0.14056224899598393,1300,0.07028112449799197
12,1320,1320,0.44598765432098764,1280,0.08333333333333333,1560,0.07098765432098765
13,1560,1560,0.5714285714285714,2060,0.09753694581280788,2522,0.05123152709359606
14,1920,1920,0.7746806039488966,1560,0.07317073170731707,2060,0.03368176538908246
15,1940,1940,0.7515527950310559,2583,0.037267080745341616,2522,0.037267080745341616
16,2060,2060,0.45145145145145144,1560,0.08808808808808809,1920,0.07407407407407407
17,2220,2220,0.4666666666666667,1280,0.09696969696969697,1320,0.06666666666666667
18,2280,2280,0.792016806722689,2403,0.08823529411764706,10,0.03466386554621849
19,2403,2403,0.6617801047120419,2280,0.12146596858638743,10,0.06596858638743455
20,2462,2462,0.7112676056338029,40,0.11267605633802817,2403,0.045774647887323945
21,2522,2522,0.6863727454909819,2583,0.04008016032064128,2403,0.03507014028056112
22,2582,2582,0.34555984555984554,1560,0.16023166023166024,2060,0.1274131274131274
23,2583,2583,0.82615083251714,2585,0.02056807051909892,2522,0.019588638589618023
24,2585,2585,0.4308617234468938,1300,0.11222444889779559,2583,0.09218436873747494
25,2705,2705,0.7445652173913043,10,0.13405797101449277,2280,0.028985507246376812
26,2905,2905,0.7816091954022989,2705,0.06896551724137931,40,0.05747126436781609
