,Categorie,predict,pourc,predict2,pourc2,predict3,pourc3
0,10,10,0.406099518459069,2705,0.26003210272873195,2403,0.11396468699839486
1,40,40,0.4362549800796813,2905,0.10756972111553785,2462,0.10557768924302789
2,50,50,0.47023809523809523,1300,0.14285714285714285,2462,0.05357142857142857
3,60,60,0.7710843373493976,50,0.060240963855421686,2462,0.03614457831325301
4,1140,1140,0.651685393258427,1280,0.07865168539325842,1180,0.04119850187265917
5,1160,1160,0.9506953223767383,1281,0.008849557522123894,2403,0.006321112515802781
6,1180,1180,0.43790849673202614,1140,0.1503267973856209,1281,0.0915032679738562
7,1280,1280,0.39014373716632444,1300,0.18275154004106775,1140,0.07802874743326489
8,1281,1281,0.3333333333333333,1280,0.1473429951690821,2403,0.057971014492753624
9,1300,1300,0.8354806739345887,1280,0.05153617443012884,50,0.019821605550049554
10,1301,1301,0.639751552795031,1320,0.049689440993788817,1300,0.037267080745341616
11,1302,1302,0.42971887550200805,1280,0.11244979919678715,1300,0.0642570281124498
12,1320,1320,0.4675925925925926,2060,0.07253086419753087,1280,0.06944444444444445
13,1560,1560,0.5793103448275863,2060,0.10640394088669951,2582,0.06995073891625615
14,1920,1920,0.775842044134727,2060,0.05574912891986063,1560,0.0545876887340302
15,1940,1940,0.7577639751552795,2583,0.043478260869565216,2582,0.024844720496894408
16,2060,2060,0.4974974974974975,1560,0.0980980980980981,1920,0.056056056056056056
17,2220,2220,0.43636363636363634,1280,0.09696969696969697,2060,0.07878787878787878
18,2280,2280,0.7794117647058824,2403,0.11974789915966387,2705,0.03361344537815126
19,2403,2403,0.6931937172774869,2280,0.10471204188481675,2462,0.04607329842931937
20,2462,2462,0.7288732394366197,40,0.056338028169014086,2403,0.03873239436619718
21,2522,2522,0.6753507014028056,2060,0.031062124248496994,2403,0.028056112224448898
22,2582,2582,0.42277992277992277,1560,0.14092664092664092,2060,0.10617760617760617
23,2583,2583,0.8090107737512243,2585,0.029872673849167482,1302,0.020078354554358472
24,2585,2585,0.48296593186372744,1300,0.11222444889779559,2583,0.08016032064128256
25,2705,2705,0.7663043478260869,10,0.13949275362318841,2403,0.019927536231884056
26,2905,2905,0.8390804597701149,2705,0.05172413793103448,40,0.028735632183908046
