,Categorie,predict,pourc,predict2,pourc2,predict3,pourc3
0,10,10,0.4943820224719101,2705,0.24077046548956663,2280,0.08186195826645265
1,40,40,0.4940239043824701,2905,0.1394422310756972,2462,0.08366533864541832
2,50,50,0.35714285714285715,1300,0.13095238095238096,60,0.09523809523809523
3,60,60,0.8072289156626506,50,0.04819277108433735,2462,0.04819277108433735
4,1140,1140,0.6348314606741573,1280,0.06741573033707865,1180,0.0449438202247191
5,1160,1160,0.9190897597977244,2462,0.021491782553729456,40,0.015170670037926675
6,1180,1180,0.477124183006536,1140,0.0784313725490196,1281,0.058823529411764705
7,1280,1280,0.37474332648870634,1300,0.19609856262833675,1140,0.08624229979466119
8,1281,1281,0.2608695652173913,1280,0.13285024154589373,2462,0.08695652173913043
9,1300,1300,0.819623389494549,50,0.027750247770069375,2583,0.027750247770069375
10,1301,1301,0.6459627329192547,2522,0.049689440993788817,2583,0.037267080745341616
11,1302,1302,0.3534136546184739,1280,0.12449799196787148,1300,0.08835341365461848
12,1320,1320,0.42746913580246915,1560,0.07407407407407407,2060,0.07098765432098765
13,1560,1560,0.5842364532019705,2060,0.09655172413793103,2582,0.04729064039408867
14,1920,1920,0.7909407665505227,1560,0.06039488966318235,2060,0.036004645760743324
15,1940,1940,0.782608695652174,2060,0.031055900621118012,1301,0.024844720496894408
16,2060,2060,0.4984984984984985,1560,0.07307307307307308,1920,0.056056056056056056
17,2220,2220,0.4909090909090909,2060,0.09090909090909091,1280,0.06666666666666667
18,2280,2280,0.740546218487395,10,0.07142857142857142,2403,0.059873949579831935
19,2403,2403,0.5884816753926702,2280,0.10261780104712041,10,0.08481675392670157
20,2462,2462,0.721830985915493,40,0.08450704225352113,2905,0.045774647887323945
21,2522,2522,0.657314629258517,2583,0.03907815631262525,2403,0.03206412825651302
22,2582,2582,0.37258687258687256,1560,0.15057915057915058,2060,0.11196911196911197
23,2583,2583,0.8153770812928501,1302,0.024485798237022526,1300,0.02056807051909892
24,2585,2585,0.39879759519038077,1300,0.14829659318637275,2583,0.12024048096192384
25,2705,2705,0.7771739130434783,10,0.10144927536231885,2905,0.043478260869565216
26,2905,2905,0.9080459770114943,2705,0.028735632183908046,40,0.028735632183908046
