,Categorie,predict,pourc,predict2,pourc2,predict3,pourc3
0,10,10,0.43659711075441415,2705,0.23113964686998395,2280,0.12680577849117175
1,40,40,0.46215139442231074,2905,0.13147410358565736,2462,0.08366533864541832
2,50,50,0.5535714285714286,1300,0.08035714285714286,2462,0.05357142857142857
3,60,60,0.8012048192771084,50,0.07228915662650602,2462,0.05421686746987952
4,1140,1140,0.6460674157303371,1280,0.08239700374531835,1180,0.0599250936329588
5,1160,1160,0.9367888748419722,2462,0.012642225031605562,2280,0.012642225031605562
6,1180,1180,0.5163398692810458,1140,0.0718954248366013,1281,0.06535947712418301
7,1280,1280,0.41786447638603696,1300,0.16119096509240247,1140,0.07802874743326489
8,1281,1281,0.3695652173913043,1280,0.1473429951690821,2403,0.05555555555555555
9,1300,1300,0.8107036669970268,1280,0.06541129831516353,50,0.024777006937561942
10,1301,1301,0.7018633540372671,1280,0.049689440993788817,2522,0.043478260869565216
11,1302,1302,0.5100401606425703,1280,0.07429718875502007,1320,0.05220883534136546
12,1320,1320,0.529320987654321,2060,0.06018518518518518,1560,0.05864197530864197
13,1560,1560,0.5763546798029556,2582,0.09556650246305419,2060,0.0916256157635468
14,1920,1920,0.8118466898954704,2060,0.06387921022067364,1560,0.03716608594657375
15,1940,1940,0.7701863354037267,1320,0.043478260869565216,2522,0.037267080745341616
16,2060,2060,0.5315315315315315,1560,0.08208208208208208,2582,0.04604604604604605
17,2220,2220,0.5272727272727272,1320,0.08484848484848485,2060,0.07272727272727272
18,2280,2280,0.8035714285714286,2403,0.08823529411764706,10,0.03991596638655462
19,2403,2403,0.6858638743455497,2280,0.12146596858638743,10,0.05863874345549738
20,2462,2462,0.7288732394366197,40,0.08098591549295775,2403,0.03169014084507042
21,2522,2522,0.718436873747495,2583,0.02905811623246493,2403,0.028056112224448898
22,2582,2582,0.4247104247104247,1560,0.13513513513513514,2060,0.09266409266409266
23,2583,2583,0.8623898139079333,2585,0.023506366307541625,1320,0.015670910871694418
24,2585,2585,0.5150300601202404,2583,0.08817635270541083,1300,0.07414829659318638
25,2705,2705,0.5652173913043478,10,0.3333333333333333,2403,0.030797101449275364
26,2905,2905,0.896551724137931,2705,0.028735632183908046,40,0.022988505747126436
